2
8
0 0 0 0 0 0 0 0
0 1 1 1 1 1 1 0
0 1 1 1 0 0 1 0
0 0 0 1 0 0 1 0
0 0 1 1 0 0 1 0
0 0 0 1 1 1 0 0
0 0 0 1 1 0 0 0
0 0 0 0 0 0 0 0
9
1 0 0 1 0 1 0 0 1
0 1 0 1 0 1 0 1 0
0 0 1 1 1 1 1 0 0
0 1 1 0 0 0 1 1 0
0 0 1 0 0 0 1 0 0
0 1 1 0 0 0 1 1 0
0 1 0 0 0 0 0 1 0
0 1 1 1 1 1 1 1 0
1 0 0 1 0 1 0 0 1

Output:
13.00
25.00

2
8
0 0 0 0 0 0 0 0
0 1 1 1 1 1 1 0
0 1 0 0 0 0 1 0
0 1 0 0 0 0 1 0
0 1 0 0 0 0 1 0
0 1 0 0 0 0 1 0
0 1 1 1 1 1 1 0
0 0 0 0 0 0 0 0
8
0 0 0 0 0 0 0 0
0 0 1 1 1 1 0 0
0 1 0 0 0 0 1 0
1 1 0 0 0 0 1 1
1 1 0 0 0 0 1 1
0 1 0 0 0 0 1 0
0 0 1 1 1 1 0 0
0 0 0 0 0 0 0 0

Output:
18.00
18.00

4
8
0 0 0 0 0 0 0 0
0 0 1 1 1 1 0 0
0 1 0 0 0 0 1 0
0 0 0 0 0 0 0 0
0 1 0 0 0 0 1 0
0 1 0 0 0 0 1 0
0 0 1 1 1 1 0 0
0 0 0 0 0 0 0 0
8
0 0 0 0 0 0 0 0
0 0 1 1 1 1 0 0
0 1 0 0 0 0 1 0
0 0 0 0 0 0 1 0
0 1 0 0 0 0 0 0
0 1 0 0 0 0 1 0
0 0 1 1 1 1 0 0
0 0 0 0 0 0 0 0
8
0 0 0 0 0 0 0 0
0 0 1 0 1 1 0 0
0 1 0 0 0 0 1 0
0 1 0 0 0 0 1 1
0 1 0 0 0 0 1 0
0 1 0 0 0 0 1 0
0 0 1 0 1 1 0 0
0 0 0 0 0 0 0 0
8
0 0 0 0 0 0 0 0
0 0 1 0 1 1 0 0
0 1 0 0 0 0 1 0
0 1 0 0 0 0 1 0
0 1 0 0 0 0 1 0
0 1 0 0 0 0 1 0
0 0 1 1 0 1 0 0
0 0 0 0 0 0 0 0

Output:
13.00
11.00
13.50
11.00

2
8
0 0 0 0 0 0 0 0
0 0 1 1 1 1 0 0
0 0 1 0 0 0 1 0
0 0 0 1 0 0 1 0
0 0 0 0 1 0 1 0
0 0 0 0 0 1 1 0
0 0 1 1 1 1 0 0
0 0 0 0 0 0 0 0
8
0 0 0 0 0 0 0 0
0 1 0 0 0 0 1 0
0 1 0 0 0 0 1 0
0 1 1 1 1 1 1 0
0 1 1 1 1 1 1 0
0 1 0 0 0 0 1 0
0 1 0 0 0 0 1 0
0 0 0 0 0 0 0 0

Output:
11.00
10.00

3
3
0 1 0
1 0 1
0 1 0
5
0 0 1 0 0
0 0 0 0 0
1 0 0 0 1
0 0 0 0 0
0 0 1 0 0
7
0 0 0 1 0 0 0
0 0 0 0 0 0 0
0 0 0 0 0 0 0
1 0 0 0 0 0 1
0 0 0 0 0 0 0
0 0 0 0 0 0 0
0 0 0 1 0 0 0

Output:
2.50
2.50
2.50
